0 0 0 0 0 0 0 5 5 5 5 5 5 5 5 5 5 5 5 5 5 0 0 0 0 0 0 0
0 0 8 12 0 0 6 5 2 2 2 2 2 2 2 2 2 2 2 2 5 6 0 0 8 12 0 0
0 8 10 10 12 0 4 3 2 2 2 2 2 2 2 2 2 2 2 2 3 4 0 8 10 10 12 0
8 10 7 7 10 12 4 2 2 2 2 2 2 2 2 2 2 2 2 2 2 4 8 10 7 7 10 12
16 7 7 7 7 16 4 2 2 2 2 2 2 2 2 2 2 2 2 2 2 4 16 7 7 7 7 16
16 7 7 7 7 16 4 2 2 2 2 2 2 2 2 2 2 2 2 2 2 4 16 7 7 7 7 16
16 7 7 7 7 16 4 2 2 2 2 2 2 2 2 2 2 2 2 2 2 4 16 7 7 7 7 16
16 7 7 7 7 16 4 3 3 3 3 3 3 3 3 3 3 3 3 3 3 4 16 7 7 7 7 16
16 7 7 7 7 16 20 20 7 2 2 2 2 2 2 2 2 2 2 7 20 20 16 7 7 7 7 16
16 15 15 15 15 16 20 20 7 2 2 2 2 2 2 2 2 2 2 7 20 20 16 15 15 15 15 16
16 2 2 2 2 16 20 20 7 3 3 3 3 3 3 3 3 3 3 7 20 20 16 2 2 2 2 16